i[4] o1 o2 o3 o4 o5 o6 o7 o8 o9 o10 o11 o12 o13 o14 o15 o16
0000  1  0  0  0  0  0  0  0  0   0   0   0   0   0   0   0
0001  0  1  0  0  0  0  0  0  0   0   0   0   0   0   0   0
0010  0  0  1  0  0  0  0  0  0   0   0   0   0   0   0   0
0011  0  0  0  1  0  0  0  0  0   0   0   0   0   0   0   0
0100  0  0  0  0  1  0  0  0  0   0   0   0   0   0   0   0
0101  0  0  0  0  0  1  0  0  0   0   0   0   0   0   0   0
0110  0  0  0  0  0  0  1  0  0   0   0   0   0   0   0   0
0111  0  0  0  0  0  0  0  1  0   0   0   0   0   0   0   0
1000  0  0  0  0  0  0  0  0  1   0   0   0   0   0   0   0
1001  0  0  0  0  0  0  0  0  0   1   0   0   0   0   0   0
1010  0  0  0  0  0  0  0  0  0   0   1   0   0   0   0   0
1011  0  0  0  0  0  0  0  0  0   0   0   1   0   0   0   0
1100  0  0  0  0  0  0  0  0  0   0   0   0   1   0   0   0
1101  0  0  0  0  0  0  0  0  0   0   0   0   0   1   0   0
1110  0  0  0  0  0  0  0  0  0   0   0   0   0   0   1   0
1111  0  0  0  0  0  0  0  0  0   0   0   0   0   0   0   1
