i[16] address[8] load clk o[16] <set> <seq>
1111111111111111 00000000 0 0 0000000000000000 1 1
1111111111111111 00000000 0 1 0000000000000000 1 2
1111111111111111 00000001 0 0 0000000000000000 1 3
1111111111111111 00000001 0 1 0000000000000000 1 4
1111111111111111 00000010 0 0 0000000000000000 1 5
1111111111111111 00000010 0 1 0000000000000000 1 6
1111111111111111 00000011 0 0 0000000000000000 1 7
1111111111111111 00000011 0 1 0000000000000000 1 8
1111111111111111 00000100 0 0 0000000000000000 1 9
1111111111111111 00000100 0 1 0000000000000000 1 10
1111111111111111 00000101 0 0 0000000000000000 1 11
1111111111111111 00000101 0 1 0000000000000000 1 12
1111111111111111 00000110 0 0 0000000000000000 1 13
1111111111111111 00000110 0 1 0000000000000000 1 14
1111111111111111 00000111 0 0 0000000000000000 1 15
1111111111111111 00000111 0 1 0000000000000000 1 16
1111111111111111 00001000 0 0 0000000000000000 1 17
1111111111111111 00001000 0 1 0000000000000000 1 18
1111111111111111 00001001 0 0 0000000000000000 1 19
1111111111111111 00001001 0 1 0000000000000000 1 20
1111111111111111 00001010 0 0 0000000000000000 1 21
1111111111111111 00001010 0 1 0000000000000000 1 22
1111111111111111 00001011 0 0 0000000000000000 1 23
1111111111111111 00001011 0 1 0000000000000000 1 24
1111111111111111 00001100 0 0 0000000000000000 1 25
1111111111111111 00001100 0 1 0000000000000000 1 26
1111111111111111 00001101 0 0 0000000000000000 1 27
1111111111111111 00001101 0 1 0000000000000000 1 28
1111111111111111 00001110 0 0 0000000000000000 1 29
1111111111111111 00001110 0 1 0000000000000000 1 30
1111111111111111 00001111 0 0 0000000000000000 1 31
1111111111111111 00001111 0 1 0000000000000000 1 32
1111111111111111 00010000 0 0 0000000000000000 1 33
1111111111111111 00010000 0 1 0000000000000000 1 34
1111111111111111 00010001 0 0 0000000000000000 1 35
1111111111111111 00010001 0 1 0000000000000000 1 36
1111111111111111 00010010 0 0 0000000000000000 1 37
1111111111111111 00010010 0 1 0000000000000000 1 38
1111111111111111 00010011 0 0 0000000000000000 1 39
1111111111111111 00010011 0 1 0000000000000000 1 40
1111111111111111 00010100 0 0 0000000000000000 1 41
1111111111111111 00010100 0 1 0000000000000000 1 42
1111111111111111 00010101 0 0 0000000000000000 1 43
1111111111111111 00010101 0 1 0000000000000000 1 44
1111111111111111 00010110 0 0 0000000000000000 1 45
1111111111111111 00010110 0 1 0000000000000000 1 46
1111111111111111 00010111 0 0 0000000000000000 1 47
1111111111111111 00010111 0 1 0000000000000000 1 48
1111111111111111 00011000 0 0 0000000000000000 1 49
1111111111111111 00011000 0 1 0000000000000000 1 50
1111111111111111 00011001 0 0 0000000000000000 1 51
1111111111111111 00011001 0 1 0000000000000000 1 52
1111111111111111 00011010 0 0 0000000000000000 1 53
1111111111111111 00011010 0 1 0000000000000000 1 54
1111111111111111 00011011 0 0 0000000000000000 1 55
1111111111111111 00011011 0 1 0000000000000000 1 56
1111111111111111 00011100 0 0 0000000000000000 1 57
1111111111111111 00011100 0 1 0000000000000000 1 58
1111111111111111 00011101 0 0 0000000000000000 1 59
1111111111111111 00011101 0 1 0000000000000000 1 60
1111111111111111 00011110 0 0 0000000000000000 1 61
1111111111111111 00011110 0 1 0000000000000000 1 62
1111111111111111 00011111 0 0 0000000000000000 1 63
1111111111111111 00011111 0 1 0000000000000000 1 64
1111111111111111 00100000 0 0 0000000000000000 1 65
1111111111111111 00100000 0 1 0000000000000000 1 66
1111111111111111 00100001 0 0 0000000000000000 1 67
1111111111111111 00100001 0 1 0000000000000000 1 68
1111111111111111 00100010 0 0 0000000000000000 1 69
1111111111111111 00100010 0 1 0000000000000000 1 70
1111111111111111 00100011 0 0 0000000000000000 1 71
1111111111111111 00100011 0 1 0000000000000000 1 72
1111111111111111 00100100 0 0 0000000000000000 1 73
1111111111111111 00100100 0 1 0000000000000000 1 74
1111111111111111 00100101 0 0 0000000000000000 1 75
1111111111111111 00100101 0 1 0000000000000000 1 76
1111111111111111 00100110 0 0 0000000000000000 1 77
1111111111111111 00100110 0 1 0000000000000000 1 78
1111111111111111 00100111 0 0 0000000000000000 1 79
1111111111111111 00100111 0 1 0000000000000000 1 80
1111111111111111 00101000 0 0 0000000000000000 1 81
1111111111111111 00101000 0 1 0000000000000000 1 82
1111111111111111 00101001 0 0 0000000000000000 1 83
1111111111111111 00101001 0 1 0000000000000000 1 84
1111111111111111 00101010 0 0 0000000000000000 1 85
1111111111111111 00101010 0 1 0000000000000000 1 86
1111111111111111 00101011 0 0 0000000000000000 1 87
1111111111111111 00101011 0 1 0000000000000000 1 88
1111111111111111 00101100 0 0 0000000000000000 1 89
1111111111111111 00101100 0 1 0000000000000000 1 90
1111111111111111 00101101 0 0 0000000000000000 1 91
1111111111111111 00101101 0 1 0000000000000000 1 92
1111111111111111 00101110 0 0 0000000000000000 1 93
1111111111111111 00101110 0 1 0000000000000000 1 94
1111111111111111 00101111 0 0 0000000000000000 1 95
1111111111111111 00101111 0 1 0000000000000000 1 96
1111111111111111 00110000 0 0 0000000000000000 1 97
1111111111111111 00110000 0 1 0000000000000000 1 98
1111111111111111 00110001 0 0 0000000000000000 1 99
1111111111111111 00110001 0 1 0000000000000000 1 100
1111111111111111 00110010 0 0 0000000000000000 1 101
1111111111111111 00110010 0 1 0000000000000000 1 102
1111111111111111 00110011 0 0 0000000000000000 1 103
1111111111111111 00110011 0 1 0000000000000000 1 104
1111111111111111 00110100 0 0 0000000000000000 1 105
1111111111111111 00110100 0 1 0000000000000000 1 106
1111111111111111 00110101 0 0 0000000000000000 1 107
1111111111111111 00110101 0 1 0000000000000000 1 108
1111111111111111 00110110 0 0 0000000000000000 1 109
1111111111111111 00110110 0 1 0000000000000000 1 110
1111111111111111 00110111 0 0 0000000000000000 1 111
1111111111111111 00110111 0 1 0000000000000000 1 112
1111111111111111 00111000 0 0 0000000000000000 1 113
1111111111111111 00111000 0 1 0000000000000000 1 114
1111111111111111 00111001 0 0 0000000000000000 1 115
1111111111111111 00111001 0 1 0000000000000000 1 116
1111111111111111 00111010 0 0 0000000000000000 1 117
1111111111111111 00111010 0 1 0000000000000000 1 118
1111111111111111 00111011 0 0 0000000000000000 1 119
1111111111111111 00111011 0 1 0000000000000000 1 120
1111111111111111 00111100 0 0 0000000000000000 1 121
1111111111111111 00111100 0 1 0000000000000000 1 122
1111111111111111 00111101 0 0 0000000000000000 1 123
1111111111111111 00111101 0 1 0000000000000000 1 124
1111111111111111 00111110 0 0 0000000000000000 1 125
1111111111111111 00111110 0 1 0000000000000000 1 126
1111111111111111 00111111 0 0 0000000000000000 1 127
1111111111111111 00111111 0 1 0000000000000000 1 128
1111111111111111 01000000 0 0 0000000000000000 1 129
1111111111111111 01000000 0 1 0000000000000000 1 130
1111111111111111 01000001 0 0 0000000000000000 1 131
1111111111111111 01000001 0 1 0000000000000000 1 132
1111111111111111 01000010 0 0 0000000000000000 1 133
1111111111111111 01000010 0 1 0000000000000000 1 134
1111111111111111 01000011 0 0 0000000000000000 1 135
1111111111111111 01000011 0 1 0000000000000000 1 136
1111111111111111 01000100 0 0 0000000000000000 1 137
1111111111111111 01000100 0 1 0000000000000000 1 138
1111111111111111 01000101 0 0 0000000000000000 1 139
1111111111111111 01000101 0 1 0000000000000000 1 140
1111111111111111 01000110 0 0 0000000000000000 1 141
1111111111111111 01000110 0 1 0000000000000000 1 142
1111111111111111 01000111 0 0 0000000000000000 1 143
1111111111111111 01000111 0 1 0000000000000000 1 144
1111111111111111 01001000 0 0 0000000000000000 1 145
1111111111111111 01001000 0 1 0000000000000000 1 146
1111111111111111 01001001 0 0 0000000000000000 1 147
1111111111111111 01001001 0 1 0000000000000000 1 148
1111111111111111 01001010 0 0 0000000000000000 1 149
1111111111111111 01001010 0 1 0000000000000000 1 150
1111111111111111 01001011 0 0 0000000000000000 1 151
1111111111111111 01001011 0 1 0000000000000000 1 152
1111111111111111 01001100 0 0 0000000000000000 1 153
1111111111111111 01001100 0 1 0000000000000000 1 154
1111111111111111 01001101 0 0 0000000000000000 1 155
1111111111111111 01001101 0 1 0000000000000000 1 156
1111111111111111 01001110 0 0 0000000000000000 1 157
1111111111111111 01001110 0 1 0000000000000000 1 158
1111111111111111 01001111 0 0 0000000000000000 1 159
1111111111111111 01001111 0 1 0000000000000000 1 160
1111111111111111 01010000 0 0 0000000000000000 1 161
1111111111111111 01010000 0 1 0000000000000000 1 162
1111111111111111 01010001 0 0 0000000000000000 1 163
1111111111111111 01010001 0 1 0000000000000000 1 164
1111111111111111 01010010 0 0 0000000000000000 1 165
1111111111111111 01010010 0 1 0000000000000000 1 166
1111111111111111 01010011 0 0 0000000000000000 1 167
1111111111111111 01010011 0 1 0000000000000000 1 168
1111111111111111 01010100 0 0 0000000000000000 1 169
1111111111111111 01010100 0 1 0000000000000000 1 170
1111111111111111 01010101 0 0 0000000000000000 1 171
1111111111111111 01010101 0 1 0000000000000000 1 172
1111111111111111 01010110 0 0 0000000000000000 1 173
1111111111111111 01010110 0 1 0000000000000000 1 174
1111111111111111 01010111 0 0 0000000000000000 1 175
1111111111111111 01010111 0 1 0000000000000000 1 176
1111111111111111 01011000 0 0 0000000000000000 1 177
1111111111111111 01011000 0 1 0000000000000000 1 178
1111111111111111 01011001 0 0 0000000000000000 1 179
1111111111111111 01011001 0 1 0000000000000000 1 180
1111111111111111 01011010 0 0 0000000000000000 1 181
1111111111111111 01011010 0 1 0000000000000000 1 182
1111111111111111 01011011 0 0 0000000000000000 1 183
1111111111111111 01011011 0 1 0000000000000000 1 184
1111111111111111 01011100 0 0 0000000000000000 1 185
1111111111111111 01011100 0 1 0000000000000000 1 186
1111111111111111 01011101 0 0 0000000000000000 1 187
1111111111111111 01011101 0 1 0000000000000000 1 188
1111111111111111 01011110 0 0 0000000000000000 1 189
1111111111111111 01011110 0 1 0000000000000000 1 190
1111111111111111 01011111 0 0 0000000000000000 1 191
1111111111111111 01011111 0 1 0000000000000000 1 192
1111111111111111 01100000 0 0 0000000000000000 1 193
1111111111111111 01100000 0 1 0000000000000000 1 194
1111111111111111 01100001 0 0 0000000000000000 1 195
1111111111111111 01100001 0 1 0000000000000000 1 196
1111111111111111 01100010 0 0 0000000000000000 1 197
1111111111111111 01100010 0 1 0000000000000000 1 198
1111111111111111 01100011 0 0 0000000000000000 1 199
1111111111111111 01100011 0 1 0000000000000000 1 200
1111111111111111 01100100 0 0 0000000000000000 1 201
1111111111111111 01100100 0 1 0000000000000000 1 202
1111111111111111 01100101 0 0 0000000000000000 1 203
1111111111111111 01100101 0 1 0000000000000000 1 204
1111111111111111 01100110 0 0 0000000000000000 1 205
1111111111111111 01100110 0 1 0000000000000000 1 206
1111111111111111 01100111 0 0 0000000000000000 1 207
1111111111111111 01100111 0 1 0000000000000000 1 208
1111111111111111 01101000 0 0 0000000000000000 1 209
1111111111111111 01101000 0 1 0000000000000000 1 210
1111111111111111 01101001 0 0 0000000000000000 1 211
1111111111111111 01101001 0 1 0000000000000000 1 212
1111111111111111 01101010 0 0 0000000000000000 1 213
1111111111111111 01101010 0 1 0000000000000000 1 214
1111111111111111 01101011 0 0 0000000000000000 1 215
1111111111111111 01101011 0 1 0000000000000000 1 216
1111111111111111 01101100 0 0 0000000000000000 1 217
1111111111111111 01101100 0 1 0000000000000000 1 218
1111111111111111 01101101 0 0 0000000000000000 1 219
1111111111111111 01101101 0 1 0000000000000000 1 220
1111111111111111 01101110 0 0 0000000000000000 1 221
1111111111111111 01101110 0 1 0000000000000000 1 222
1111111111111111 01101111 0 0 0000000000000000 1 223
1111111111111111 01101111 0 1 0000000000000000 1 224
1111111111111111 01110000 0 0 0000000000000000 1 225
1111111111111111 01110000 0 1 0000000000000000 1 226
1111111111111111 01110001 0 0 0000000000000000 1 227
1111111111111111 01110001 0 1 0000000000000000 1 228
1111111111111111 01110010 0 0 0000000000000000 1 229
1111111111111111 01110010 0 1 0000000000000000 1 230
1111111111111111 01110011 0 0 0000000000000000 1 231
1111111111111111 01110011 0 1 0000000000000000 1 232
1111111111111111 01110100 0 0 0000000000000000 1 233
1111111111111111 01110100 0 1 0000000000000000 1 234
1111111111111111 01110101 0 0 0000000000000000 1 235
1111111111111111 01110101 0 1 0000000000000000 1 236
1111111111111111 01110110 0 0 0000000000000000 1 237
1111111111111111 01110110 0 1 0000000000000000 1 238
1111111111111111 01110111 0 0 0000000000000000 1 239
1111111111111111 01110111 0 1 0000000000000000 1 240
1111111111111111 01111000 0 0 0000000000000000 1 241
1111111111111111 01111000 0 1 0000000000000000 1 242
1111111111111111 01111001 0 0 0000000000000000 1 243
1111111111111111 01111001 0 1 0000000000000000 1 244
1111111111111111 01111010 0 0 0000000000000000 1 245
1111111111111111 01111010 0 1 0000000000000000 1 246
1111111111111111 01111011 0 0 0000000000000000 1 247
1111111111111111 01111011 0 1 0000000000000000 1 248
1111111111111111 01111100 0 0 0000000000000000 1 249
1111111111111111 01111100 0 1 0000000000000000 1 250
1111111111111111 01111101 0 0 0000000000000000 1 251
1111111111111111 01111101 0 1 0000000000000000 1 252
1111111111111111 01111110 0 0 0000000000000000 1 253
1111111111111111 01111110 0 1 0000000000000000 1 254
1111111111111111 01111111 0 0 0000000000000000 1 255
1111111111111111 01111111 0 1 0000000000000000 1 256
1111111111111111 10000000 0 0 0000000000000000 1 257
1111111111111111 10000000 0 1 0000000000000000 1 258
1111111111111111 10000001 0 0 0000000000000000 1 259
1111111111111111 10000001 0 1 0000000000000000 1 260
1111111111111111 10000010 0 0 0000000000000000 1 261
1111111111111111 10000010 0 1 0000000000000000 1 262
1111111111111111 10000011 0 0 0000000000000000 1 263
1111111111111111 10000011 0 1 0000000000000000 1 264
1111111111111111 10000100 0 0 0000000000000000 1 265
1111111111111111 10000100 0 1 0000000000000000 1 266
1111111111111111 10000101 0 0 0000000000000000 1 267
1111111111111111 10000101 0 1 0000000000000000 1 268
1111111111111111 10000110 0 0 0000000000000000 1 269
1111111111111111 10000110 0 1 0000000000000000 1 270
1111111111111111 10000111 0 0 0000000000000000 1 271
1111111111111111 10000111 0 1 0000000000000000 1 272
1111111111111111 10001000 0 0 0000000000000000 1 273
1111111111111111 10001000 0 1 0000000000000000 1 274
1111111111111111 10001001 0 0 0000000000000000 1 275
1111111111111111 10001001 0 1 0000000000000000 1 276
1111111111111111 10001010 0 0 0000000000000000 1 277
1111111111111111 10001010 0 1 0000000000000000 1 278
1111111111111111 10001011 0 0 0000000000000000 1 279
1111111111111111 10001011 0 1 0000000000000000 1 280
1111111111111111 10001100 0 0 0000000000000000 1 281
1111111111111111 10001100 0 1 0000000000000000 1 282
1111111111111111 10001101 0 0 0000000000000000 1 283
1111111111111111 10001101 0 1 0000000000000000 1 284
1111111111111111 10001110 0 0 0000000000000000 1 285
1111111111111111 10001110 0 1 0000000000000000 1 286
1111111111111111 10001111 0 0 0000000000000000 1 287
1111111111111111 10001111 0 1 0000000000000000 1 288
1111111111111111 10010000 0 0 0000000000000000 1 289
1111111111111111 10010000 0 1 0000000000000000 1 290
1111111111111111 10010001 0 0 0000000000000000 1 291
1111111111111111 10010001 0 1 0000000000000000 1 292
1111111111111111 10010010 0 0 0000000000000000 1 293
1111111111111111 10010010 0 1 0000000000000000 1 294
1111111111111111 10010011 0 0 0000000000000000 1 295
1111111111111111 10010011 0 1 0000000000000000 1 296
1111111111111111 10010100 0 0 0000000000000000 1 297
1111111111111111 10010100 0 1 0000000000000000 1 298
1111111111111111 10010101 0 0 0000000000000000 1 299
1111111111111111 10010101 0 1 0000000000000000 1 300
1111111111111111 10010110 0 0 0000000000000000 1 301
1111111111111111 10010110 0 1 0000000000000000 1 302
1111111111111111 10010111 0 0 0000000000000000 1 303
1111111111111111 10010111 0 1 0000000000000000 1 304
1111111111111111 10011000 0 0 0000000000000000 1 305
1111111111111111 10011000 0 1 0000000000000000 1 306
1111111111111111 10011001 0 0 0000000000000000 1 307
1111111111111111 10011001 0 1 0000000000000000 1 308
1111111111111111 10011010 0 0 0000000000000000 1 309
1111111111111111 10011010 0 1 0000000000000000 1 310
1111111111111111 10011011 0 0 0000000000000000 1 311
1111111111111111 10011011 0 1 0000000000000000 1 312
1111111111111111 10011100 0 0 0000000000000000 1 313
1111111111111111 10011100 0 1 0000000000000000 1 314
1111111111111111 10011101 0 0 0000000000000000 1 315
1111111111111111 10011101 0 1 0000000000000000 1 316
1111111111111111 10011110 0 0 0000000000000000 1 317
1111111111111111 10011110 0 1 0000000000000000 1 318
1111111111111111 10011111 0 0 0000000000000000 1 319
1111111111111111 10011111 0 1 0000000000000000 1 320
1111111111111111 10100000 0 0 0000000000000000 1 321
1111111111111111 10100000 0 1 0000000000000000 1 322
1111111111111111 10100001 0 0 0000000000000000 1 323
1111111111111111 10100001 0 1 0000000000000000 1 324
1111111111111111 10100010 0 0 0000000000000000 1 325
1111111111111111 10100010 0 1 0000000000000000 1 326
1111111111111111 10100011 0 0 0000000000000000 1 327
1111111111111111 10100011 0 1 0000000000000000 1 328
1111111111111111 10100100 0 0 0000000000000000 1 329
1111111111111111 10100100 0 1 0000000000000000 1 330
1111111111111111 10100101 0 0 0000000000000000 1 331
1111111111111111 10100101 0 1 0000000000000000 1 332
1111111111111111 10100110 0 0 0000000000000000 1 333
1111111111111111 10100110 0 1 0000000000000000 1 334
1111111111111111 10100111 0 0 0000000000000000 1 335
1111111111111111 10100111 0 1 0000000000000000 1 336
1111111111111111 10101000 0 0 0000000000000000 1 337
1111111111111111 10101000 0 1 0000000000000000 1 338
1111111111111111 10101001 0 0 0000000000000000 1 339
1111111111111111 10101001 0 1 0000000000000000 1 340
1111111111111111 10101010 0 0 0000000000000000 1 341
1111111111111111 10101010 0 1 0000000000000000 1 342
1111111111111111 10101011 0 0 0000000000000000 1 343
1111111111111111 10101011 0 1 0000000000000000 1 344
1111111111111111 10101100 0 0 0000000000000000 1 345
1111111111111111 10101100 0 1 0000000000000000 1 346
1111111111111111 10101101 0 0 0000000000000000 1 347
1111111111111111 10101101 0 1 0000000000000000 1 348
1111111111111111 10101110 0 0 0000000000000000 1 349
1111111111111111 10101110 0 1 0000000000000000 1 350
1111111111111111 10101111 0 0 0000000000000000 1 351
1111111111111111 10101111 0 1 0000000000000000 1 352
1111111111111111 10110000 0 0 0000000000000000 1 353
1111111111111111 10110000 0 1 0000000000000000 1 354
1111111111111111 10110001 0 0 0000000000000000 1 355
1111111111111111 10110001 0 1 0000000000000000 1 356
1111111111111111 10110010 0 0 0000000000000000 1 357
1111111111111111 10110010 0 1 0000000000000000 1 358
1111111111111111 10110011 0 0 0000000000000000 1 359
1111111111111111 10110011 0 1 0000000000000000 1 360
1111111111111111 10110100 0 0 0000000000000000 1 361
1111111111111111 10110100 0 1 0000000000000000 1 362
1111111111111111 10110101 0 0 0000000000000000 1 363
1111111111111111 10110101 0 1 0000000000000000 1 364
1111111111111111 10110110 0 0 0000000000000000 1 365
1111111111111111 10110110 0 1 0000000000000000 1 366
1111111111111111 10110111 0 0 0000000000000000 1 367
1111111111111111 10110111 0 1 0000000000000000 1 368
1111111111111111 10111000 0 0 0000000000000000 1 369
1111111111111111 10111000 0 1 0000000000000000 1 370
1111111111111111 10111001 0 0 0000000000000000 1 371
1111111111111111 10111001 0 1 0000000000000000 1 372
1111111111111111 10111010 0 0 0000000000000000 1 373
1111111111111111 10111010 0 1 0000000000000000 1 374
1111111111111111 10111011 0 0 0000000000000000 1 375
1111111111111111 10111011 0 1 0000000000000000 1 376
1111111111111111 10111100 0 0 0000000000000000 1 377
1111111111111111 10111100 0 1 0000000000000000 1 378
1111111111111111 10111101 0 0 0000000000000000 1 379
1111111111111111 10111101 0 1 0000000000000000 1 380
1111111111111111 10111110 0 0 0000000000000000 1 381
1111111111111111 10111110 0 1 0000000000000000 1 382
1111111111111111 10111111 0 0 0000000000000000 1 383
1111111111111111 10111111 0 1 0000000000000000 1 384
1111111111111111 11000000 0 0 0000000000000000 1 385
1111111111111111 11000000 0 1 0000000000000000 1 386
1111111111111111 11000001 0 0 0000000000000000 1 387
1111111111111111 11000001 0 1 0000000000000000 1 388
1111111111111111 11000010 0 0 0000000000000000 1 389
1111111111111111 11000010 0 1 0000000000000000 1 390
1111111111111111 11000011 0 0 0000000000000000 1 391
1111111111111111 11000011 0 1 0000000000000000 1 392
1111111111111111 11000100 0 0 0000000000000000 1 393
1111111111111111 11000100 0 1 0000000000000000 1 394
1111111111111111 11000101 0 0 0000000000000000 1 395
1111111111111111 11000101 0 1 0000000000000000 1 396
1111111111111111 11000110 0 0 0000000000000000 1 397
1111111111111111 11000110 0 1 0000000000000000 1 398
1111111111111111 11000111 0 0 0000000000000000 1 399
1111111111111111 11000111 0 1 0000000000000000 1 400
1111111111111111 11001000 0 0 0000000000000000 1 401
1111111111111111 11001000 0 1 0000000000000000 1 402
1111111111111111 11001001 0 0 0000000000000000 1 403
1111111111111111 11001001 0 1 0000000000000000 1 404
1111111111111111 11001010 0 0 0000000000000000 1 405
1111111111111111 11001010 0 1 0000000000000000 1 406
1111111111111111 11001011 0 0 0000000000000000 1 407
1111111111111111 11001011 0 1 0000000000000000 1 408
1111111111111111 11001100 0 0 0000000000000000 1 409
1111111111111111 11001100 0 1 0000000000000000 1 410
1111111111111111 11001101 0 0 0000000000000000 1 411
1111111111111111 11001101 0 1 0000000000000000 1 412
1111111111111111 11001110 0 0 0000000000000000 1 413
1111111111111111 11001110 0 1 0000000000000000 1 414
1111111111111111 11001111 0 0 0000000000000000 1 415
1111111111111111 11001111 0 1 0000000000000000 1 416
1111111111111111 11010000 0 0 0000000000000000 1 417
1111111111111111 11010000 0 1 0000000000000000 1 418
1111111111111111 11010001 0 0 0000000000000000 1 419
1111111111111111 11010001 0 1 0000000000000000 1 420
1111111111111111 11010010 0 0 0000000000000000 1 421
1111111111111111 11010010 0 1 0000000000000000 1 422
1111111111111111 11010011 0 0 0000000000000000 1 423
1111111111111111 11010011 0 1 0000000000000000 1 424
1111111111111111 11010100 0 0 0000000000000000 1 425
1111111111111111 11010100 0 1 0000000000000000 1 426
1111111111111111 11010101 0 0 0000000000000000 1 427
1111111111111111 11010101 0 1 0000000000000000 1 428
1111111111111111 11010110 0 0 0000000000000000 1 429
1111111111111111 11010110 0 1 0000000000000000 1 430
1111111111111111 11010111 0 0 0000000000000000 1 431
1111111111111111 11010111 0 1 0000000000000000 1 432
1111111111111111 11011000 0 0 0000000000000000 1 433
1111111111111111 11011000 0 1 0000000000000000 1 434
1111111111111111 11011001 0 0 0000000000000000 1 435
1111111111111111 11011001 0 1 0000000000000000 1 436
1111111111111111 11011010 0 0 0000000000000000 1 437
1111111111111111 11011010 0 1 0000000000000000 1 438
1111111111111111 11011011 0 0 0000000000000000 1 439
1111111111111111 11011011 0 1 0000000000000000 1 440
1111111111111111 11011100 0 0 0000000000000000 1 441
1111111111111111 11011100 0 1 0000000000000000 1 442
1111111111111111 11011101 0 0 0000000000000000 1 443
1111111111111111 11011101 0 1 0000000000000000 1 444
1111111111111111 11011110 0 0 0000000000000000 1 445
1111111111111111 11011110 0 1 0000000000000000 1 446
1111111111111111 11011111 0 0 0000000000000000 1 447
1111111111111111 11011111 0 1 0000000000000000 1 448
1111111111111111 11100000 0 0 0000000000000000 1 449
1111111111111111 11100000 0 1 0000000000000000 1 450
1111111111111111 11100001 0 0 0000000000000000 1 451
1111111111111111 11100001 0 1 0000000000000000 1 452
1111111111111111 11100010 0 0 0000000000000000 1 453
1111111111111111 11100010 0 1 0000000000000000 1 454
1111111111111111 11100011 0 0 0000000000000000 1 455
1111111111111111 11100011 0 1 0000000000000000 1 456
1111111111111111 11100100 0 0 0000000000000000 1 457
1111111111111111 11100100 0 1 0000000000000000 1 458
1111111111111111 11100101 0 0 0000000000000000 1 459
1111111111111111 11100101 0 1 0000000000000000 1 460
1111111111111111 11100110 0 0 0000000000000000 1 461
1111111111111111 11100110 0 1 0000000000000000 1 462
1111111111111111 11100111 0 0 0000000000000000 1 463
1111111111111111 11100111 0 1 0000000000000000 1 464
1111111111111111 11101000 0 0 0000000000000000 1 465
1111111111111111 11101000 0 1 0000000000000000 1 466
1111111111111111 11101001 0 0 0000000000000000 1 467
1111111111111111 11101001 0 1 0000000000000000 1 468
1111111111111111 11101010 0 0 0000000000000000 1 469
1111111111111111 11101010 0 1 0000000000000000 1 470
1111111111111111 11101011 0 0 0000000000000000 1 471
1111111111111111 11101011 0 1 0000000000000000 1 472
1111111111111111 11101100 0 0 0000000000000000 1 473
1111111111111111 11101100 0 1 0000000000000000 1 474
1111111111111111 11101101 0 0 0000000000000000 1 475
1111111111111111 11101101 0 1 0000000000000000 1 476
1111111111111111 11101110 0 0 0000000000000000 1 477
1111111111111111 11101110 0 1 0000000000000000 1 478
1111111111111111 11101111 0 0 0000000000000000 1 479
1111111111111111 11101111 0 1 0000000000000000 1 480
1111111111111111 11110000 0 0 0000000000000000 1 481
1111111111111111 11110000 0 1 0000000000000000 1 482
1111111111111111 11110001 0 0 0000000000000000 1 483
1111111111111111 11110001 0 1 0000000000000000 1 484
1111111111111111 11110010 0 0 0000000000000000 1 485
1111111111111111 11110010 0 1 0000000000000000 1 486
1111111111111111 11110011 0 0 0000000000000000 1 487
1111111111111111 11110011 0 1 0000000000000000 1 488
1111111111111111 11110100 0 0 0000000000000000 1 489
1111111111111111 11110100 0 1 0000000000000000 1 490
1111111111111111 11110101 0 0 0000000000000000 1 491
1111111111111111 11110101 0 1 0000000000000000 1 492
1111111111111111 11110110 0 0 0000000000000000 1 493
1111111111111111 11110110 0 1 0000000000000000 1 494
1111111111111111 11110111 0 0 0000000000000000 1 495
1111111111111111 11110111 0 1 0000000000000000 1 496
1111111111111111 11111000 0 0 0000000000000000 1 497
1111111111111111 11111000 0 1 0000000000000000 1 498
1111111111111111 11111001 0 0 0000000000000000 1 499
1111111111111111 11111001 0 1 0000000000000000 1 500
1111111111111111 11111010 0 0 0000000000000000 1 501
1111111111111111 11111010 0 1 0000000000000000 1 502
1111111111111111 11111011 0 0 0000000000000000 1 503
1111111111111111 11111011 0 1 0000000000000000 1 504
1111111111111111 11111100 0 0 0000000000000000 1 505
1111111111111111 11111100 0 1 0000000000000000 1 506
1111111111111111 11111101 0 0 0000000000000000 1 507
1111111111111111 11111101 0 1 0000000000000000 1 508
1111111111111111 11111110 0 0 0000000000000000 1 509
1111111111111111 11111110 0 1 0000000000000000 1 510
1111111111111111 11111111 0 0 0000000000000000 1 511
1111111111111111 11111111 0 1 0000000000000000 1 512
0000000011111111 00000000 1 0 0000000000000000 1 513
0000000011111111 00000000 1 1 0000000011111111 1 514
0000000011111110 00000001 1 0 0000000000000000 1 515
0000000011111110 00000001 1 1 0000000011111110 1 516
0000000011111101 00000010 1 0 0000000000000000 1 517
0000000011111101 00000010 1 1 0000000011111101 1 518
0000000011111100 00000011 1 0 0000000000000000 1 519
0000000011111100 00000011 1 1 0000000011111100 1 520
0000000011111011 00000100 1 0 0000000000000000 1 521
0000000011111011 00000100 1 1 0000000011111011 1 522
0000000011111010 00000101 1 0 0000000000000000 1 523
0000000011111010 00000101 1 1 0000000011111010 1 524
0000000011111001 00000110 1 0 0000000000000000 1 525
0000000011111001 00000110 1 1 0000000011111001 1 526
0000000011111000 00000111 1 0 0000000000000000 1 527
0000000011111000 00000111 1 1 0000000011111000 1 528
0000000011110111 00001000 1 0 0000000000000000 1 529
0000000011110111 00001000 1 1 0000000011110111 1 530
0000000011110110 00001001 1 0 0000000000000000 1 531
0000000011110110 00001001 1 1 0000000011110110 1 532
0000000011110101 00001010 1 0 0000000000000000 1 533
0000000011110101 00001010 1 1 0000000011110101 1 534
0000000011110100 00001011 1 0 0000000000000000 1 535
0000000011110100 00001011 1 1 0000000011110100 1 536
0000000011110011 00001100 1 0 0000000000000000 1 537
0000000011110011 00001100 1 1 0000000011110011 1 538
0000000011110010 00001101 1 0 0000000000000000 1 539
0000000011110010 00001101 1 1 0000000011110010 1 540
0000000011110001 00001110 1 0 0000000000000000 1 541
0000000011110001 00001110 1 1 0000000011110001 1 542
0000000011110000 00001111 1 0 0000000000000000 1 543
0000000011110000 00001111 1 1 0000000011110000 1 544
0000000011101111 00010000 1 0 0000000000000000 1 545
0000000011101111 00010000 1 1 0000000011101111 1 546
0000000011101110 00010001 1 0 0000000000000000 1 547
0000000011101110 00010001 1 1 0000000011101110 1 548
0000000011101101 00010010 1 0 0000000000000000 1 549
0000000011101101 00010010 1 1 0000000011101101 1 550
0000000011101100 00010011 1 0 0000000000000000 1 551
0000000011101100 00010011 1 1 0000000011101100 1 552
0000000011101011 00010100 1 0 0000000000000000 1 553
0000000011101011 00010100 1 1 0000000011101011 1 554
0000000011101010 00010101 1 0 0000000000000000 1 555
0000000011101010 00010101 1 1 0000000011101010 1 556
0000000011101001 00010110 1 0 0000000000000000 1 557
0000000011101001 00010110 1 1 0000000011101001 1 558
0000000011101000 00010111 1 0 0000000000000000 1 559
0000000011101000 00010111 1 1 0000000011101000 1 560
0000000011100111 00011000 1 0 0000000000000000 1 561
0000000011100111 00011000 1 1 0000000011100111 1 562
0000000011100110 00011001 1 0 0000000000000000 1 563
0000000011100110 00011001 1 1 0000000011100110 1 564
0000000011100101 00011010 1 0 0000000000000000 1 565
0000000011100101 00011010 1 1 0000000011100101 1 566
0000000011100100 00011011 1 0 0000000000000000 1 567
0000000011100100 00011011 1 1 0000000011100100 1 568
0000000011100011 00011100 1 0 0000000000000000 1 569
0000000011100011 00011100 1 1 0000000011100011 1 570
0000000011100010 00011101 1 0 0000000000000000 1 571
0000000011100010 00011101 1 1 0000000011100010 1 572
0000000011100001 00011110 1 0 0000000000000000 1 573
0000000011100001 00011110 1 1 0000000011100001 1 574
0000000011100000 00011111 1 0 0000000000000000 1 575
0000000011100000 00011111 1 1 0000000011100000 1 576
0000000011011111 00100000 1 0 0000000000000000 1 577
0000000011011111 00100000 1 1 0000000011011111 1 578
0000000011011110 00100001 1 0 0000000000000000 1 579
0000000011011110 00100001 1 1 0000000011011110 1 580
0000000011011101 00100010 1 0 0000000000000000 1 581
0000000011011101 00100010 1 1 0000000011011101 1 582
0000000011011100 00100011 1 0 0000000000000000 1 583
0000000011011100 00100011 1 1 0000000011011100 1 584
0000000011011011 00100100 1 0 0000000000000000 1 585
0000000011011011 00100100 1 1 0000000011011011 1 586
0000000011011010 00100101 1 0 0000000000000000 1 587
0000000011011010 00100101 1 1 0000000011011010 1 588
0000000011011001 00100110 1 0 0000000000000000 1 589
0000000011011001 00100110 1 1 0000000011011001 1 590
0000000011011000 00100111 1 0 0000000000000000 1 591
0000000011011000 00100111 1 1 0000000011011000 1 592
0000000011010111 00101000 1 0 0000000000000000 1 593
0000000011010111 00101000 1 1 0000000011010111 1 594
0000000011010110 00101001 1 0 0000000000000000 1 595
0000000011010110 00101001 1 1 0000000011010110 1 596
0000000011010101 00101010 1 0 0000000000000000 1 597
0000000011010101 00101010 1 1 0000000011010101 1 598
0000000011010100 00101011 1 0 0000000000000000 1 599
0000000011010100 00101011 1 1 0000000011010100 1 600
0000000011010011 00101100 1 0 0000000000000000 1 601
0000000011010011 00101100 1 1 0000000011010011 1 602
0000000011010010 00101101 1 0 0000000000000000 1 603
0000000011010010 00101101 1 1 0000000011010010 1 604
0000000011010001 00101110 1 0 0000000000000000 1 605
0000000011010001 00101110 1 1 0000000011010001 1 606
0000000011010000 00101111 1 0 0000000000000000 1 607
0000000011010000 00101111 1 1 0000000011010000 1 608
0000000011001111 00110000 1 0 0000000000000000 1 609
0000000011001111 00110000 1 1 0000000011001111 1 610
0000000011001110 00110001 1 0 0000000000000000 1 611
0000000011001110 00110001 1 1 0000000011001110 1 612
0000000011001101 00110010 1 0 0000000000000000 1 613
0000000011001101 00110010 1 1 0000000011001101 1 614
0000000011001100 00110011 1 0 0000000000000000 1 615
0000000011001100 00110011 1 1 0000000011001100 1 616
0000000011001011 00110100 1 0 0000000000000000 1 617
0000000011001011 00110100 1 1 0000000011001011 1 618
0000000011001010 00110101 1 0 0000000000000000 1 619
0000000011001010 00110101 1 1 0000000011001010 1 620
0000000011001001 00110110 1 0 0000000000000000 1 621
0000000011001001 00110110 1 1 0000000011001001 1 622
0000000011001000 00110111 1 0 0000000000000000 1 623
0000000011001000 00110111 1 1 0000000011001000 1 624
0000000011000111 00111000 1 0 0000000000000000 1 625
0000000011000111 00111000 1 1 0000000011000111 1 626
0000000011000110 00111001 1 0 0000000000000000 1 627
0000000011000110 00111001 1 1 0000000011000110 1 628
0000000011000101 00111010 1 0 0000000000000000 1 629
0000000011000101 00111010 1 1 0000000011000101 1 630
0000000011000100 00111011 1 0 0000000000000000 1 631
0000000011000100 00111011 1 1 0000000011000100 1 632
0000000011000011 00111100 1 0 0000000000000000 1 633
0000000011000011 00111100 1 1 0000000011000011 1 634
0000000011000010 00111101 1 0 0000000000000000 1 635
0000000011000010 00111101 1 1 0000000011000010 1 636
0000000011000001 00111110 1 0 0000000000000000 1 637
0000000011000001 00111110 1 1 0000000011000001 1 638
0000000011000000 00111111 1 0 0000000000000000 1 639
0000000011000000 00111111 1 1 0000000011000000 1 640
0000000010111111 01000000 1 0 0000000000000000 1 641
0000000010111111 01000000 1 1 0000000010111111 1 642
0000000010111110 01000001 1 0 0000000000000000 1 643
0000000010111110 01000001 1 1 0000000010111110 1 644
0000000010111101 01000010 1 0 0000000000000000 1 645
0000000010111101 01000010 1 1 0000000010111101 1 646
0000000010111100 01000011 1 0 0000000000000000 1 647
0000000010111100 01000011 1 1 0000000010111100 1 648
0000000010111011 01000100 1 0 0000000000000000 1 649
0000000010111011 01000100 1 1 0000000010111011 1 650
0000000010111010 01000101 1 0 0000000000000000 1 651
0000000010111010 01000101 1 1 0000000010111010 1 652
0000000010111001 01000110 1 0 0000000000000000 1 653
0000000010111001 01000110 1 1 0000000010111001 1 654
0000000010111000 01000111 1 0 0000000000000000 1 655
0000000010111000 01000111 1 1 0000000010111000 1 656
0000000010110111 01001000 1 0 0000000000000000 1 657
0000000010110111 01001000 1 1 0000000010110111 1 658
0000000010110110 01001001 1 0 0000000000000000 1 659
0000000010110110 01001001 1 1 0000000010110110 1 660
0000000010110101 01001010 1 0 0000000000000000 1 661
0000000010110101 01001010 1 1 0000000010110101 1 662
0000000010110100 01001011 1 0 0000000000000000 1 663
0000000010110100 01001011 1 1 0000000010110100 1 664
0000000010110011 01001100 1 0 0000000000000000 1 665
0000000010110011 01001100 1 1 0000000010110011 1 666
0000000010110010 01001101 1 0 0000000000000000 1 667
0000000010110010 01001101 1 1 0000000010110010 1 668
0000000010110001 01001110 1 0 0000000000000000 1 669
0000000010110001 01001110 1 1 0000000010110001 1 670
0000000010110000 01001111 1 0 0000000000000000 1 671
0000000010110000 01001111 1 1 0000000010110000 1 672
0000000010101111 01010000 1 0 0000000000000000 1 673
0000000010101111 01010000 1 1 0000000010101111 1 674
0000000010101110 01010001 1 0 0000000000000000 1 675
0000000010101110 01010001 1 1 0000000010101110 1 676
0000000010101101 01010010 1 0 0000000000000000 1 677
0000000010101101 01010010 1 1 0000000010101101 1 678
0000000010101100 01010011 1 0 0000000000000000 1 679
0000000010101100 01010011 1 1 0000000010101100 1 680
0000000010101011 01010100 1 0 0000000000000000 1 681
0000000010101011 01010100 1 1 0000000010101011 1 682
0000000010101010 01010101 1 0 0000000000000000 1 683
0000000010101010 01010101 1 1 0000000010101010 1 684
0000000010101001 01010110 1 0 0000000000000000 1 685
0000000010101001 01010110 1 1 0000000010101001 1 686
0000000010101000 01010111 1 0 0000000000000000 1 687
0000000010101000 01010111 1 1 0000000010101000 1 688
0000000010100111 01011000 1 0 0000000000000000 1 689
0000000010100111 01011000 1 1 0000000010100111 1 690
0000000010100110 01011001 1 0 0000000000000000 1 691
0000000010100110 01011001 1 1 0000000010100110 1 692
0000000010100101 01011010 1 0 0000000000000000 1 693
0000000010100101 01011010 1 1 0000000010100101 1 694
0000000010100100 01011011 1 0 0000000000000000 1 695
0000000010100100 01011011 1 1 0000000010100100 1 696
0000000010100011 01011100 1 0 0000000000000000 1 697
0000000010100011 01011100 1 1 0000000010100011 1 698
0000000010100010 01011101 1 0 0000000000000000 1 699
0000000010100010 01011101 1 1 0000000010100010 1 700
0000000010100001 01011110 1 0 0000000000000000 1 701
0000000010100001 01011110 1 1 0000000010100001 1 702
0000000010100000 01011111 1 0 0000000000000000 1 703
0000000010100000 01011111 1 1 0000000010100000 1 704
0000000010011111 01100000 1 0 0000000000000000 1 705
0000000010011111 01100000 1 1 0000000010011111 1 706
0000000010011110 01100001 1 0 0000000000000000 1 707
0000000010011110 01100001 1 1 0000000010011110 1 708
0000000010011101 01100010 1 0 0000000000000000 1 709
0000000010011101 01100010 1 1 0000000010011101 1 710
0000000010011100 01100011 1 0 0000000000000000 1 711
0000000010011100 01100011 1 1 0000000010011100 1 712
0000000010011011 01100100 1 0 0000000000000000 1 713
0000000010011011 01100100 1 1 0000000010011011 1 714
0000000010011010 01100101 1 0 0000000000000000 1 715
0000000010011010 01100101 1 1 0000000010011010 1 716
0000000010011001 01100110 1 0 0000000000000000 1 717
0000000010011001 01100110 1 1 0000000010011001 1 718
0000000010011000 01100111 1 0 0000000000000000 1 719
0000000010011000 01100111 1 1 0000000010011000 1 720
0000000010010111 01101000 1 0 0000000000000000 1 721
0000000010010111 01101000 1 1 0000000010010111 1 722
0000000010010110 01101001 1 0 0000000000000000 1 723
0000000010010110 01101001 1 1 0000000010010110 1 724
0000000010010101 01101010 1 0 0000000000000000 1 725
0000000010010101 01101010 1 1 0000000010010101 1 726
0000000010010100 01101011 1 0 0000000000000000 1 727
0000000010010100 01101011 1 1 0000000010010100 1 728
0000000010010011 01101100 1 0 0000000000000000 1 729
0000000010010011 01101100 1 1 0000000010010011 1 730
0000000010010010 01101101 1 0 0000000000000000 1 731
0000000010010010 01101101 1 1 0000000010010010 1 732
0000000010010001 01101110 1 0 0000000000000000 1 733
0000000010010001 01101110 1 1 0000000010010001 1 734
0000000010010000 01101111 1 0 0000000000000000 1 735
0000000010010000 01101111 1 1 0000000010010000 1 736
0000000010001111 01110000 1 0 0000000000000000 1 737
0000000010001111 01110000 1 1 0000000010001111 1 738
0000000010001110 01110001 1 0 0000000000000000 1 739
0000000010001110 01110001 1 1 0000000010001110 1 740
0000000010001101 01110010 1 0 0000000000000000 1 741
0000000010001101 01110010 1 1 0000000010001101 1 742
0000000010001100 01110011 1 0 0000000000000000 1 743
0000000010001100 01110011 1 1 0000000010001100 1 744
0000000010001011 01110100 1 0 0000000000000000 1 745
0000000010001011 01110100 1 1 0000000010001011 1 746
0000000010001010 01110101 1 0 0000000000000000 1 747
0000000010001010 01110101 1 1 0000000010001010 1 748
0000000010001001 01110110 1 0 0000000000000000 1 749
0000000010001001 01110110 1 1 0000000010001001 1 750
0000000010001000 01110111 1 0 0000000000000000 1 751
0000000010001000 01110111 1 1 0000000010001000 1 752
0000000010000111 01111000 1 0 0000000000000000 1 753
0000000010000111 01111000 1 1 0000000010000111 1 754
0000000010000110 01111001 1 0 0000000000000000 1 755
0000000010000110 01111001 1 1 0000000010000110 1 756
0000000010000101 01111010 1 0 0000000000000000 1 757
0000000010000101 01111010 1 1 0000000010000101 1 758
0000000010000100 01111011 1 0 0000000000000000 1 759
0000000010000100 01111011 1 1 0000000010000100 1 760
0000000010000011 01111100 1 0 0000000000000000 1 761
0000000010000011 01111100 1 1 0000000010000011 1 762
0000000010000010 01111101 1 0 0000000000000000 1 763
0000000010000010 01111101 1 1 0000000010000010 1 764
0000000010000001 01111110 1 0 0000000000000000 1 765
0000000010000001 01111110 1 1 0000000010000001 1 766
0000000010000000 01111111 1 0 0000000000000000 1 767
0000000010000000 01111111 1 1 0000000010000000 1 768
0000000001111111 10000000 1 0 0000000000000000 1 769
0000000001111111 10000000 1 1 0000000001111111 1 770
0000000001111110 10000001 1 0 0000000000000000 1 771
0000000001111110 10000001 1 1 0000000001111110 1 772
0000000001111101 10000010 1 0 0000000000000000 1 773
0000000001111101 10000010 1 1 0000000001111101 1 774
0000000001111100 10000011 1 0 0000000000000000 1 775
0000000001111100 10000011 1 1 0000000001111100 1 776
0000000001111011 10000100 1 0 0000000000000000 1 777
0000000001111011 10000100 1 1 0000000001111011 1 778
0000000001111010 10000101 1 0 0000000000000000 1 779
0000000001111010 10000101 1 1 0000000001111010 1 780
0000000001111001 10000110 1 0 0000000000000000 1 781
0000000001111001 10000110 1 1 0000000001111001 1 782
0000000001111000 10000111 1 0 0000000000000000 1 783
0000000001111000 10000111 1 1 0000000001111000 1 784
0000000001110111 10001000 1 0 0000000000000000 1 785
0000000001110111 10001000 1 1 0000000001110111 1 786
0000000001110110 10001001 1 0 0000000000000000 1 787
0000000001110110 10001001 1 1 0000000001110110 1 788
0000000001110101 10001010 1 0 0000000000000000 1 789
0000000001110101 10001010 1 1 0000000001110101 1 790
0000000001110100 10001011 1 0 0000000000000000 1 791
0000000001110100 10001011 1 1 0000000001110100 1 792
0000000001110011 10001100 1 0 0000000000000000 1 793
0000000001110011 10001100 1 1 0000000001110011 1 794
0000000001110010 10001101 1 0 0000000000000000 1 795
0000000001110010 10001101 1 1 0000000001110010 1 796
0000000001110001 10001110 1 0 0000000000000000 1 797
0000000001110001 10001110 1 1 0000000001110001 1 798
0000000001110000 10001111 1 0 0000000000000000 1 799
0000000001110000 10001111 1 1 0000000001110000 1 800
0000000001101111 10010000 1 0 0000000000000000 1 801
0000000001101111 10010000 1 1 0000000001101111 1 802
0000000001101110 10010001 1 0 0000000000000000 1 803
0000000001101110 10010001 1 1 0000000001101110 1 804
0000000001101101 10010010 1 0 0000000000000000 1 805
0000000001101101 10010010 1 1 0000000001101101 1 806
0000000001101100 10010011 1 0 0000000000000000 1 807
0000000001101100 10010011 1 1 0000000001101100 1 808
0000000001101011 10010100 1 0 0000000000000000 1 809
0000000001101011 10010100 1 1 0000000001101011 1 810
0000000001101010 10010101 1 0 0000000000000000 1 811
0000000001101010 10010101 1 1 0000000001101010 1 812
0000000001101001 10010110 1 0 0000000000000000 1 813
0000000001101001 10010110 1 1 0000000001101001 1 814
0000000001101000 10010111 1 0 0000000000000000 1 815
0000000001101000 10010111 1 1 0000000001101000 1 816
0000000001100111 10011000 1 0 0000000000000000 1 817
0000000001100111 10011000 1 1 0000000001100111 1 818
0000000001100110 10011001 1 0 0000000000000000 1 819
0000000001100110 10011001 1 1 0000000001100110 1 820
0000000001100101 10011010 1 0 0000000000000000 1 821
0000000001100101 10011010 1 1 0000000001100101 1 822
0000000001100100 10011011 1 0 0000000000000000 1 823
0000000001100100 10011011 1 1 0000000001100100 1 824
0000000001100011 10011100 1 0 0000000000000000 1 825
0000000001100011 10011100 1 1 0000000001100011 1 826
0000000001100010 10011101 1 0 0000000000000000 1 827
0000000001100010 10011101 1 1 0000000001100010 1 828
0000000001100001 10011110 1 0 0000000000000000 1 829
0000000001100001 10011110 1 1 0000000001100001 1 830
0000000001100000 10011111 1 0 0000000000000000 1 831
0000000001100000 10011111 1 1 0000000001100000 1 832
0000000001011111 10100000 1 0 0000000000000000 1 833
0000000001011111 10100000 1 1 0000000001011111 1 834
0000000001011110 10100001 1 0 0000000000000000 1 835
0000000001011110 10100001 1 1 0000000001011110 1 836
0000000001011101 10100010 1 0 0000000000000000 1 837
0000000001011101 10100010 1 1 0000000001011101 1 838
0000000001011100 10100011 1 0 0000000000000000 1 839
0000000001011100 10100011 1 1 0000000001011100 1 840
0000000001011011 10100100 1 0 0000000000000000 1 841
0000000001011011 10100100 1 1 0000000001011011 1 842
0000000001011010 10100101 1 0 0000000000000000 1 843
0000000001011010 10100101 1 1 0000000001011010 1 844
0000000001011001 10100110 1 0 0000000000000000 1 845
0000000001011001 10100110 1 1 0000000001011001 1 846
0000000001011000 10100111 1 0 0000000000000000 1 847
0000000001011000 10100111 1 1 0000000001011000 1 848
0000000001010111 10101000 1 0 0000000000000000 1 849
0000000001010111 10101000 1 1 0000000001010111 1 850
0000000001010110 10101001 1 0 0000000000000000 1 851
0000000001010110 10101001 1 1 0000000001010110 1 852
0000000001010101 10101010 1 0 0000000000000000 1 853
0000000001010101 10101010 1 1 0000000001010101 1 854
0000000001010100 10101011 1 0 0000000000000000 1 855
0000000001010100 10101011 1 1 0000000001010100 1 856
0000000001010011 10101100 1 0 0000000000000000 1 857
0000000001010011 10101100 1 1 0000000001010011 1 858
0000000001010010 10101101 1 0 0000000000000000 1 859
0000000001010010 10101101 1 1 0000000001010010 1 860
0000000001010001 10101110 1 0 0000000000000000 1 861
0000000001010001 10101110 1 1 0000000001010001 1 862
0000000001010000 10101111 1 0 0000000000000000 1 863
0000000001010000 10101111 1 1 0000000001010000 1 864
0000000001001111 10110000 1 0 0000000000000000 1 865
0000000001001111 10110000 1 1 0000000001001111 1 866
0000000001001110 10110001 1 0 0000000000000000 1 867
0000000001001110 10110001 1 1 0000000001001110 1 868
0000000001001101 10110010 1 0 0000000000000000 1 869
0000000001001101 10110010 1 1 0000000001001101 1 870
0000000001001100 10110011 1 0 0000000000000000 1 871
0000000001001100 10110011 1 1 0000000001001100 1 872
0000000001001011 10110100 1 0 0000000000000000 1 873
0000000001001011 10110100 1 1 0000000001001011 1 874
0000000001001010 10110101 1 0 0000000000000000 1 875
0000000001001010 10110101 1 1 0000000001001010 1 876
0000000001001001 10110110 1 0 0000000000000000 1 877
0000000001001001 10110110 1 1 0000000001001001 1 878
0000000001001000 10110111 1 0 0000000000000000 1 879
0000000001001000 10110111 1 1 0000000001001000 1 880
0000000001000111 10111000 1 0 0000000000000000 1 881
0000000001000111 10111000 1 1 0000000001000111 1 882
0000000001000110 10111001 1 0 0000000000000000 1 883
0000000001000110 10111001 1 1 0000000001000110 1 884
0000000001000101 10111010 1 0 0000000000000000 1 885
0000000001000101 10111010 1 1 0000000001000101 1 886
0000000001000100 10111011 1 0 0000000000000000 1 887
0000000001000100 10111011 1 1 0000000001000100 1 888
0000000001000011 10111100 1 0 0000000000000000 1 889
0000000001000011 10111100 1 1 0000000001000011 1 890
0000000001000010 10111101 1 0 0000000000000000 1 891
0000000001000010 10111101 1 1 0000000001000010 1 892
0000000001000001 10111110 1 0 0000000000000000 1 893
0000000001000001 10111110 1 1 0000000001000001 1 894
0000000001000000 10111111 1 0 0000000000000000 1 895
0000000001000000 10111111 1 1 0000000001000000 1 896
0000000000111111 11000000 1 0 0000000000000000 1 897
0000000000111111 11000000 1 1 0000000000111111 1 898
0000000000111110 11000001 1 0 0000000000000000 1 899
0000000000111110 11000001 1 1 0000000000111110 1 900
0000000000111101 11000010 1 0 0000000000000000 1 901
0000000000111101 11000010 1 1 0000000000111101 1 902
0000000000111100 11000011 1 0 0000000000000000 1 903
0000000000111100 11000011 1 1 0000000000111100 1 904
0000000000111011 11000100 1 0 0000000000000000 1 905
0000000000111011 11000100 1 1 0000000000111011 1 906
0000000000111010 11000101 1 0 0000000000000000 1 907
0000000000111010 11000101 1 1 0000000000111010 1 908
0000000000111001 11000110 1 0 0000000000000000 1 909
0000000000111001 11000110 1 1 0000000000111001 1 910
0000000000111000 11000111 1 0 0000000000000000 1 911
0000000000111000 11000111 1 1 0000000000111000 1 912
0000000000110111 11001000 1 0 0000000000000000 1 913
0000000000110111 11001000 1 1 0000000000110111 1 914
0000000000110110 11001001 1 0 0000000000000000 1 915
0000000000110110 11001001 1 1 0000000000110110 1 916
0000000000110101 11001010 1 0 0000000000000000 1 917
0000000000110101 11001010 1 1 0000000000110101 1 918
0000000000110100 11001011 1 0 0000000000000000 1 919
0000000000110100 11001011 1 1 0000000000110100 1 920
0000000000110011 11001100 1 0 0000000000000000 1 921
0000000000110011 11001100 1 1 0000000000110011 1 922
0000000000110010 11001101 1 0 0000000000000000 1 923
0000000000110010 11001101 1 1 0000000000110010 1 924
0000000000110001 11001110 1 0 0000000000000000 1 925
0000000000110001 11001110 1 1 0000000000110001 1 926
0000000000110000 11001111 1 0 0000000000000000 1 927
0000000000110000 11001111 1 1 0000000000110000 1 928
0000000000101111 11010000 1 0 0000000000000000 1 929
0000000000101111 11010000 1 1 0000000000101111 1 930
0000000000101110 11010001 1 0 0000000000000000 1 931
0000000000101110 11010001 1 1 0000000000101110 1 932
0000000000101101 11010010 1 0 0000000000000000 1 933
0000000000101101 11010010 1 1 0000000000101101 1 934
0000000000101100 11010011 1 0 0000000000000000 1 935
0000000000101100 11010011 1 1 0000000000101100 1 936
0000000000101011 11010100 1 0 0000000000000000 1 937
0000000000101011 11010100 1 1 0000000000101011 1 938
0000000000101010 11010101 1 0 0000000000000000 1 939
0000000000101010 11010101 1 1 0000000000101010 1 940
0000000000101001 11010110 1 0 0000000000000000 1 941
0000000000101001 11010110 1 1 0000000000101001 1 942
0000000000101000 11010111 1 0 0000000000000000 1 943
0000000000101000 11010111 1 1 0000000000101000 1 944
0000000000100111 11011000 1 0 0000000000000000 1 945
0000000000100111 11011000 1 1 0000000000100111 1 946
0000000000100110 11011001 1 0 0000000000000000 1 947
0000000000100110 11011001 1 1 0000000000100110 1 948
0000000000100101 11011010 1 0 0000000000000000 1 949
0000000000100101 11011010 1 1 0000000000100101 1 950
0000000000100100 11011011 1 0 0000000000000000 1 951
0000000000100100 11011011 1 1 0000000000100100 1 952
0000000000100011 11011100 1 0 0000000000000000 1 953
0000000000100011 11011100 1 1 0000000000100011 1 954
0000000000100010 11011101 1 0 0000000000000000 1 955
0000000000100010 11011101 1 1 0000000000100010 1 956
0000000000100001 11011110 1 0 0000000000000000 1 957
0000000000100001 11011110 1 1 0000000000100001 1 958
0000000000100000 11011111 1 0 0000000000000000 1 959
0000000000100000 11011111 1 1 0000000000100000 1 960
0000000000011111 11100000 1 0 0000000000000000 1 961
0000000000011111 11100000 1 1 0000000000011111 1 962
0000000000011110 11100001 1 0 0000000000000000 1 963
0000000000011110 11100001 1 1 0000000000011110 1 964
0000000000011101 11100010 1 0 0000000000000000 1 965
0000000000011101 11100010 1 1 0000000000011101 1 966
0000000000011100 11100011 1 0 0000000000000000 1 967
0000000000011100 11100011 1 1 0000000000011100 1 968
0000000000011011 11100100 1 0 0000000000000000 1 969
0000000000011011 11100100 1 1 0000000000011011 1 970
0000000000011010 11100101 1 0 0000000000000000 1 971
0000000000011010 11100101 1 1 0000000000011010 1 972
0000000000011001 11100110 1 0 0000000000000000 1 973
0000000000011001 11100110 1 1 0000000000011001 1 974
0000000000011000 11100111 1 0 0000000000000000 1 975
0000000000011000 11100111 1 1 0000000000011000 1 976
0000000000010111 11101000 1 0 0000000000000000 1 977
0000000000010111 11101000 1 1 0000000000010111 1 978
0000000000010110 11101001 1 0 0000000000000000 1 979
0000000000010110 11101001 1 1 0000000000010110 1 980
0000000000010101 11101010 1 0 0000000000000000 1 981
0000000000010101 11101010 1 1 0000000000010101 1 982
0000000000010100 11101011 1 0 0000000000000000 1 983
0000000000010100 11101011 1 1 0000000000010100 1 984
0000000000010011 11101100 1 0 0000000000000000 1 985
0000000000010011 11101100 1 1 0000000000010011 1 986
0000000000010010 11101101 1 0 0000000000000000 1 987
0000000000010010 11101101 1 1 0000000000010010 1 988
0000000000010001 11101110 1 0 0000000000000000 1 989
0000000000010001 11101110 1 1 0000000000010001 1 990
0000000000010000 11101111 1 0 0000000000000000 1 991
0000000000010000 11101111 1 1 0000000000010000 1 992
0000000000001111 11110000 1 0 0000000000000000 1 993
0000000000001111 11110000 1 1 0000000000001111 1 994
0000000000001110 11110001 1 0 0000000000000000 1 995
0000000000001110 11110001 1 1 0000000000001110 1 996
0000000000001101 11110010 1 0 0000000000000000 1 997
0000000000001101 11110010 1 1 0000000000001101 1 998
0000000000001100 11110011 1 0 0000000000000000 1 999
0000000000001100 11110011 1 1 0000000000001100 1 1000
0000000000001011 11110100 1 0 0000000000000000 1 1001
0000000000001011 11110100 1 1 0000000000001011 1 1002
0000000000001010 11110101 1 0 0000000000000000 1 1003
0000000000001010 11110101 1 1 0000000000001010 1 1004
0000000000001001 11110110 1 0 0000000000000000 1 1005
0000000000001001 11110110 1 1 0000000000001001 1 1006
0000000000001000 11110111 1 0 0000000000000000 1 1007
0000000000001000 11110111 1 1 0000000000001000 1 1008
0000000000000111 11111000 1 0 0000000000000000 1 1009
0000000000000111 11111000 1 1 0000000000000111 1 1010
0000000000000110 11111001 1 0 0000000000000000 1 1011
0000000000000110 11111001 1 1 0000000000000110 1 1012
0000000000000101 11111010 1 0 0000000000000000 1 1013
0000000000000101 11111010 1 1 0000000000000101 1 1014
0000000000000100 11111011 1 0 0000000000000000 1 1015
0000000000000100 11111011 1 1 0000000000000100 1 1016
0000000000000011 11111100 1 0 0000000000000000 1 1017
0000000000000011 11111100 1 1 0000000000000011 1 1018
0000000000000010 11111101 1 0 0000000000000000 1 1019
0000000000000010 11111101 1 1 0000000000000010 1 1020
0000000000000001 11111110 1 0 0000000000000000 1 1021
0000000000000001 11111110 1 1 0000000000000001 1 1022
0000000000000000 11111111 1 0 0000000000000000 1 1023
0000000000000000 11111111 1 1 0000000000000000 1 1024
1111111111111111 00000000 0 0 0000000011111111 1 1025
1111111111111111 00000001 0 0 0000000011111110 1 1026
1111111111111111 00000010 0 0 0000000011111101 1 1027
1111111111111111 00000011 0 0 0000000011111100 1 1028
1111111111111111 00000100 0 0 0000000011111011 1 1029
1111111111111111 00000101 0 0 0000000011111010 1 1030
1111111111111111 00000110 0 0 0000000011111001 1 1031
1111111111111111 00000111 0 0 0000000011111000 1 1032
1111111111111111 00001000 0 0 0000000011110111 1 1033
1111111111111111 00001001 0 0 0000000011110110 1 1034
1111111111111111 00001010 0 0 0000000011110101 1 1035
1111111111111111 00001011 0 0 0000000011110100 1 1036
1111111111111111 00001100 0 0 0000000011110011 1 1037
1111111111111111 00001101 0 0 0000000011110010 1 1038
1111111111111111 00001110 0 0 0000000011110001 1 1039
1111111111111111 00001111 0 0 0000000011110000 1 1040
1111111111111111 00010000 0 0 0000000011101111 1 1041
1111111111111111 00010001 0 0 0000000011101110 1 1042
1111111111111111 00010010 0 0 0000000011101101 1 1043
1111111111111111 00010011 0 0 0000000011101100 1 1044
1111111111111111 00010100 0 0 0000000011101011 1 1045
1111111111111111 00010101 0 0 0000000011101010 1 1046
1111111111111111 00010110 0 0 0000000011101001 1 1047
1111111111111111 00010111 0 0 0000000011101000 1 1048
1111111111111111 00011000 0 0 0000000011100111 1 1049
1111111111111111 00011001 0 0 0000000011100110 1 1050
1111111111111111 00011010 0 0 0000000011100101 1 1051
1111111111111111 00011011 0 0 0000000011100100 1 1052
1111111111111111 00011100 0 0 0000000011100011 1 1053
1111111111111111 00011101 0 0 0000000011100010 1 1054
1111111111111111 00011110 0 0 0000000011100001 1 1055
1111111111111111 00011111 0 0 0000000011100000 1 1056
1111111111111111 00100000 0 0 0000000011011111 1 1057
1111111111111111 00100001 0 0 0000000011011110 1 1058
1111111111111111 00100010 0 0 0000000011011101 1 1059
1111111111111111 00100011 0 0 0000000011011100 1 1060
1111111111111111 00100100 0 0 0000000011011011 1 1061
1111111111111111 00100101 0 0 0000000011011010 1 1062
1111111111111111 00100110 0 0 0000000011011001 1 1063
1111111111111111 00100111 0 0 0000000011011000 1 1064
1111111111111111 00101000 0 0 0000000011010111 1 1065
1111111111111111 00101001 0 0 0000000011010110 1 1066
1111111111111111 00101010 0 0 0000000011010101 1 1067
1111111111111111 00101011 0 0 0000000011010100 1 1068
1111111111111111 00101100 0 0 0000000011010011 1 1069
1111111111111111 00101101 0 0 0000000011010010 1 1070
1111111111111111 00101110 0 0 0000000011010001 1 1071
1111111111111111 00101111 0 0 0000000011010000 1 1072
1111111111111111 00110000 0 0 0000000011001111 1 1073
1111111111111111 00110001 0 0 0000000011001110 1 1074
1111111111111111 00110010 0 0 0000000011001101 1 1075
1111111111111111 00110011 0 0 0000000011001100 1 1076
1111111111111111 00110100 0 0 0000000011001011 1 1077
1111111111111111 00110101 0 0 0000000011001010 1 1078
1111111111111111 00110110 0 0 0000000011001001 1 1079
1111111111111111 00110111 0 0 0000000011001000 1 1080
1111111111111111 00111000 0 0 0000000011000111 1 1081
1111111111111111 00111001 0 0 0000000011000110 1 1082
1111111111111111 00111010 0 0 0000000011000101 1 1083
1111111111111111 00111011 0 0 0000000011000100 1 1084
1111111111111111 00111100 0 0 0000000011000011 1 1085
1111111111111111 00111101 0 0 0000000011000010 1 1086
1111111111111111 00111110 0 0 0000000011000001 1 1087
1111111111111111 00111111 0 0 0000000011000000 1 1088
1111111111111111 01000000 0 0 0000000010111111 1 1089
1111111111111111 01000001 0 0 0000000010111110 1 1090
1111111111111111 01000010 0 0 0000000010111101 1 1091
1111111111111111 01000011 0 0 0000000010111100 1 1092
1111111111111111 01000100 0 0 0000000010111011 1 1093
1111111111111111 01000101 0 0 0000000010111010 1 1094
1111111111111111 01000110 0 0 0000000010111001 1 1095
1111111111111111 01000111 0 0 0000000010111000 1 1096
1111111111111111 01001000 0 0 0000000010110111 1 1097
1111111111111111 01001001 0 0 0000000010110110 1 1098
1111111111111111 01001010 0 0 0000000010110101 1 1099
1111111111111111 01001011 0 0 0000000010110100 1 1100
1111111111111111 01001100 0 0 0000000010110011 1 1101
1111111111111111 01001101 0 0 0000000010110010 1 1102
1111111111111111 01001110 0 0 0000000010110001 1 1103
1111111111111111 01001111 0 0 0000000010110000 1 1104
1111111111111111 01010000 0 0 0000000010101111 1 1105
1111111111111111 01010001 0 0 0000000010101110 1 1106
1111111111111111 01010010 0 0 0000000010101101 1 1107
1111111111111111 01010011 0 0 0000000010101100 1 1108
1111111111111111 01010100 0 0 0000000010101011 1 1109
1111111111111111 01010101 0 0 0000000010101010 1 1110
1111111111111111 01010110 0 0 0000000010101001 1 1111
1111111111111111 01010111 0 0 0000000010101000 1 1112
1111111111111111 01011000 0 0 0000000010100111 1 1113
1111111111111111 01011001 0 0 0000000010100110 1 1114
1111111111111111 01011010 0 0 0000000010100101 1 1115
1111111111111111 01011011 0 0 0000000010100100 1 1116
1111111111111111 01011100 0 0 0000000010100011 1 1117
1111111111111111 01011101 0 0 0000000010100010 1 1118
1111111111111111 01011110 0 0 0000000010100001 1 1119
1111111111111111 01011111 0 0 0000000010100000 1 1120
1111111111111111 01100000 0 0 0000000010011111 1 1121
1111111111111111 01100001 0 0 0000000010011110 1 1122
1111111111111111 01100010 0 0 0000000010011101 1 1123
1111111111111111 01100011 0 0 0000000010011100 1 1124
1111111111111111 01100100 0 0 0000000010011011 1 1125
1111111111111111 01100101 0 0 0000000010011010 1 1126
1111111111111111 01100110 0 0 0000000010011001 1 1127
1111111111111111 01100111 0 0 0000000010011000 1 1128
1111111111111111 01101000 0 0 0000000010010111 1 1129
1111111111111111 01101001 0 0 0000000010010110 1 1130
1111111111111111 01101010 0 0 0000000010010101 1 1131
1111111111111111 01101011 0 0 0000000010010100 1 1132
1111111111111111 01101100 0 0 0000000010010011 1 1133
1111111111111111 01101101 0 0 0000000010010010 1 1134
1111111111111111 01101110 0 0 0000000010010001 1 1135
1111111111111111 01101111 0 0 0000000010010000 1 1136
1111111111111111 01110000 0 0 0000000010001111 1 1137
1111111111111111 01110001 0 0 0000000010001110 1 1138
1111111111111111 01110010 0 0 0000000010001101 1 1139
1111111111111111 01110011 0 0 0000000010001100 1 1140
1111111111111111 01110100 0 0 0000000010001011 1 1141
1111111111111111 01110101 0 0 0000000010001010 1 1142
1111111111111111 01110110 0 0 0000000010001001 1 1143
1111111111111111 01110111 0 0 0000000010001000 1 1144
1111111111111111 01111000 0 0 0000000010000111 1 1145
1111111111111111 01111001 0 0 0000000010000110 1 1146
1111111111111111 01111010 0 0 0000000010000101 1 1147
1111111111111111 01111011 0 0 0000000010000100 1 1148
1111111111111111 01111100 0 0 0000000010000011 1 1149
1111111111111111 01111101 0 0 0000000010000010 1 1150
1111111111111111 01111110 0 0 0000000010000001 1 1151
1111111111111111 01111111 0 0 0000000010000000 1 1152
1111111111111111 10000000 0 0 0000000001111111 1 1153
1111111111111111 10000001 0 0 0000000001111110 1 1154
1111111111111111 10000010 0 0 0000000001111101 1 1155
1111111111111111 10000011 0 0 0000000001111100 1 1156
1111111111111111 10000100 0 0 0000000001111011 1 1157
1111111111111111 10000101 0 0 0000000001111010 1 1158
1111111111111111 10000110 0 0 0000000001111001 1 1159
1111111111111111 10000111 0 0 0000000001111000 1 1160
1111111111111111 10001000 0 0 0000000001110111 1 1161
1111111111111111 10001001 0 0 0000000001110110 1 1162
1111111111111111 10001010 0 0 0000000001110101 1 1163
1111111111111111 10001011 0 0 0000000001110100 1 1164
1111111111111111 10001100 0 0 0000000001110011 1 1165
1111111111111111 10001101 0 0 0000000001110010 1 1166
1111111111111111 10001110 0 0 0000000001110001 1 1167
1111111111111111 10001111 0 0 0000000001110000 1 1168
1111111111111111 10010000 0 0 0000000001101111 1 1169
1111111111111111 10010001 0 0 0000000001101110 1 1170
1111111111111111 10010010 0 0 0000000001101101 1 1171
1111111111111111 10010011 0 0 0000000001101100 1 1172
1111111111111111 10010100 0 0 0000000001101011 1 1173
1111111111111111 10010101 0 0 0000000001101010 1 1174
1111111111111111 10010110 0 0 0000000001101001 1 1175
1111111111111111 10010111 0 0 0000000001101000 1 1176
1111111111111111 10011000 0 0 0000000001100111 1 1177
1111111111111111 10011001 0 0 0000000001100110 1 1178
1111111111111111 10011010 0 0 0000000001100101 1 1179
1111111111111111 10011011 0 0 0000000001100100 1 1180
1111111111111111 10011100 0 0 0000000001100011 1 1181
1111111111111111 10011101 0 0 0000000001100010 1 1182
1111111111111111 10011110 0 0 0000000001100001 1 1183
1111111111111111 10011111 0 0 0000000001100000 1 1184
1111111111111111 10100000 0 0 0000000001011111 1 1185
1111111111111111 10100001 0 0 0000000001011110 1 1186
1111111111111111 10100010 0 0 0000000001011101 1 1187
1111111111111111 10100011 0 0 0000000001011100 1 1188
1111111111111111 10100100 0 0 0000000001011011 1 1189
1111111111111111 10100101 0 0 0000000001011010 1 1190
1111111111111111 10100110 0 0 0000000001011001 1 1191
1111111111111111 10100111 0 0 0000000001011000 1 1192
1111111111111111 10101000 0 0 0000000001010111 1 1193
1111111111111111 10101001 0 0 0000000001010110 1 1194
1111111111111111 10101010 0 0 0000000001010101 1 1195
1111111111111111 10101011 0 0 0000000001010100 1 1196
1111111111111111 10101100 0 0 0000000001010011 1 1197
1111111111111111 10101101 0 0 0000000001010010 1 1198
1111111111111111 10101110 0 0 0000000001010001 1 1199
1111111111111111 10101111 0 0 0000000001010000 1 1200
1111111111111111 10110000 0 0 0000000001001111 1 1201
1111111111111111 10110001 0 0 0000000001001110 1 1202
1111111111111111 10110010 0 0 0000000001001101 1 1203
1111111111111111 10110011 0 0 0000000001001100 1 1204
1111111111111111 10110100 0 0 0000000001001011 1 1205
1111111111111111 10110101 0 0 0000000001001010 1 1206
1111111111111111 10110110 0 0 0000000001001001 1 1207
1111111111111111 10110111 0 0 0000000001001000 1 1208
1111111111111111 10111000 0 0 0000000001000111 1 1209
1111111111111111 10111001 0 0 0000000001000110 1 1210
1111111111111111 10111010 0 0 0000000001000101 1 1211
1111111111111111 10111011 0 0 0000000001000100 1 1212
1111111111111111 10111100 0 0 0000000001000011 1 1213
1111111111111111 10111101 0 0 0000000001000010 1 1214
1111111111111111 10111110 0 0 0000000001000001 1 1215
1111111111111111 10111111 0 0 0000000001000000 1 1216
1111111111111111 11000000 0 0 0000000000111111 1 1217
1111111111111111 11000001 0 0 0000000000111110 1 1218
1111111111111111 11000010 0 0 0000000000111101 1 1219
1111111111111111 11000011 0 0 0000000000111100 1 1220
1111111111111111 11000100 0 0 0000000000111011 1 1221
1111111111111111 11000101 0 0 0000000000111010 1 1222
1111111111111111 11000110 0 0 0000000000111001 1 1223
1111111111111111 11000111 0 0 0000000000111000 1 1224
1111111111111111 11001000 0 0 0000000000110111 1 1225
1111111111111111 11001001 0 0 0000000000110110 1 1226
1111111111111111 11001010 0 0 0000000000110101 1 1227
1111111111111111 11001011 0 0 0000000000110100 1 1228
1111111111111111 11001100 0 0 0000000000110011 1 1229
1111111111111111 11001101 0 0 0000000000110010 1 1230
1111111111111111 11001110 0 0 0000000000110001 1 1231
1111111111111111 11001111 0 0 0000000000110000 1 1232
1111111111111111 11010000 0 0 0000000000101111 1 1233
1111111111111111 11010001 0 0 0000000000101110 1 1234
1111111111111111 11010010 0 0 0000000000101101 1 1235
1111111111111111 11010011 0 0 0000000000101100 1 1236
1111111111111111 11010100 0 0 0000000000101011 1 1237
1111111111111111 11010101 0 0 0000000000101010 1 1238
1111111111111111 11010110 0 0 0000000000101001 1 1239
1111111111111111 11010111 0 0 0000000000101000 1 1240
1111111111111111 11011000 0 0 0000000000100111 1 1241
1111111111111111 11011001 0 0 0000000000100110 1 1242
1111111111111111 11011010 0 0 0000000000100101 1 1243
1111111111111111 11011011 0 0 0000000000100100 1 1244
1111111111111111 11011100 0 0 0000000000100011 1 1245
1111111111111111 11011101 0 0 0000000000100010 1 1246
1111111111111111 11011110 0 0 0000000000100001 1 1247
1111111111111111 11011111 0 0 0000000000100000 1 1248
1111111111111111 11100000 0 0 0000000000011111 1 1249
1111111111111111 11100001 0 0 0000000000011110 1 1250
1111111111111111 11100010 0 0 0000000000011101 1 1251
1111111111111111 11100011 0 0 0000000000011100 1 1252
1111111111111111 11100100 0 0 0000000000011011 1 1253
1111111111111111 11100101 0 0 0000000000011010 1 1254
1111111111111111 11100110 0 0 0000000000011001 1 1255
1111111111111111 11100111 0 0 0000000000011000 1 1256
1111111111111111 11101000 0 0 0000000000010111 1 1257
1111111111111111 11101001 0 0 0000000000010110 1 1258
1111111111111111 11101010 0 0 0000000000010101 1 1259
1111111111111111 11101011 0 0 0000000000010100 1 1260
1111111111111111 11101100 0 0 0000000000010011 1 1261
1111111111111111 11101101 0 0 0000000000010010 1 1262
1111111111111111 11101110 0 0 0000000000010001 1 1263
1111111111111111 11101111 0 0 0000000000010000 1 1264
1111111111111111 11110000 0 0 0000000000001111 1 1265
1111111111111111 11110001 0 0 0000000000001110 1 1266
1111111111111111 11110010 0 0 0000000000001101 1 1267
1111111111111111 11110011 0 0 0000000000001100 1 1268
1111111111111111 11110100 0 0 0000000000001011 1 1269
1111111111111111 11110101 0 0 0000000000001010 1 1270
1111111111111111 11110110 0 0 0000000000001001 1 1271
1111111111111111 11110111 0 0 0000000000001000 1 1272
1111111111111111 11111000 0 0 0000000000000111 1 1273
1111111111111111 11111001 0 0 0000000000000110 1 1274
1111111111111111 11111010 0 0 0000000000000101 1 1275
1111111111111111 11111011 0 0 0000000000000100 1 1276
1111111111111111 11111100 0 0 0000000000000011 1 1277
1111111111111111 11111101 0 0 0000000000000010 1 1278
1111111111111111 11111110 0 0 0000000000000001 1 1279
1111111111111111 11111111 0 0 0000000000000000 1 1280
